0,0:0;0;0;0;0;0;0;0;0;0;0;1;0;0;0;0|0;1;1;1;1;1;1;1;1;1;1;1;1;1;1;0|0;1;1;1;1;1;1;1;1;1;1;1;1;1;1;0|1;1;1;1;1;1;1;1;1;1;1;1;1;1;1;0|0;0;1;1;1;1;1;1;1;1;1;1;1;1;1;0|0;0;1;1;1;1;1;1;1;1;1;1;1;1;1;1|0;0;1;1;1;1;1;1;1;1;1;1;1;1;1;1|0;0;1;1;0;1;1;1;1;1;1;1;1;1;1;1|0;0;0;1;0;1;0;1;1;1;1;1;0;1;1;1|0;0;0;0;1;1;1;1;0;1;0;1;0;1;0;0|0;0;1;1;1;0;1;1;1;1;1;0;0;1;0;0|0;0;0;1;0;0;0;1;0;1;0;0;1;1;0;0|0;1;1;1;1;1;0;0;1;0;0;1;1;0;0;0|0;0;1;0;0;1;1;0;0;0;1;1;1;1;1;0|0;0;0;0;0;0;0;1;1;1;0;0;1;1;1;0|0;0;0;0;0;0;0;0;0;0;0;0;1;1;1;0@16,32;0,0;32,16|352,272;336,256;352,240;368,256|256,208;240,192;256,176;272,192|288,272;272,256;288,240;304,256|288,336;272,320;288,304;304,320|0,496;0,480;16,448;32,464|320,48;304,64;224,48|80,0;64,16;32,16;0,0;64,0|352,80;320,48;368,32;368,64|416,464;288,496;400,448|16,384;16,448;0,480;0,384;0,368|272,128;256,144;224,144;208,128;224,112;256,112|304,160;352,112;368,128;368,160|240,384;256,368;288,368;320,400;256,400|304,64;304,96;288,112;224,48|272,480;272,448;288,432;352,432;288,496|480,0;384,16;128,0|496,0;432,64;384,16;480,0|496,352;480,368;448,368;432,352;432,320;464,288|288,496;352,432;384,400;400,416;400,448|128,496;0,496;32,464;128,464;144,480|480,496;288,496;416,464;480,464;496,480|0,336;0,320;0,0;16,32;16,320|432,64;496,0;432,160;400,128;400,96|496,0;464,224;432,192;432,160|400,256;304,160;368,160;432,224;432,288|496,0;496,352;464,288;464,224|320,400;288,368;400,256;432,288|128,0;384,16;368,32;320,48;224,48;128,48;112,32;112,0@2,0,-512;1,-512,-256;5,0,256;4,256,-256
0,1:0;0;0;0;1;1;1;0|0;0;0;0;1;1;1;0|0;1;0;0;1;1;1;0|0;1;0;0;1;1;0;0|0;1;1;0;0;1;0;0|0;0;1;1;1;1;0;0|0;0;0;0;0;0;0;0|0;0;0;0;0;0;0;0@48,32;0,0;64,16|224,240;160,176;176,160;240,224|0,0;224,0;128,16;64,16|240,0;176,64;128,16;224,0|128,144;96,112;64,48;96,48;144,96;144,128|0,240;0,208;64,208;224,240|224,240;64,208;96,176;160,176|96,112;0,112;0,96;0,0;48,32;64,48|240,0;240,224;176,160;176,64@8,0,-256;-;-;0,512,256
0,2:0;0;0;0;0;1;0;0|0;0;0;0;0;1;0;0|0;0;0;0;0;1;0;0|0;0;0;0;0;1;0;0|0;0;0;0;1;1;0;0|1;1;1;1;1;1;0;0|1;1;1;1;1;1;0;0|1;1;1;1;1;0;0;0|1;1;1;0;0;0;0;0|0;0;0;0;0;0;0;0|0;0;0;0;0;0;0;0|0;0;0;0;0;0;0;0@240,128;240,96;272,64;368,224|352,240;192,176;240,128;368,224|368,0;368,224;272,64;272,0;288,0;352,0|0,240;0,224;0,192;0,176;192,176;352,240|0,0;128,0;144,0;144,96;96,144;0,144;0,128@-;-;0,0,512;3,448,0
0,3:0;0;0;0;0;0;0;0;0;0;0;0|0;0;0;0;0;0;0;0;0;0;0;0|0;0;0;0;0;0;0;0;0;0;0;0|0;0;0;0;0;0;0;0;0;0;0;0|0;0;0;0;0;0;1;1;0;0;0;0|0;0;0;0;0;0;1;0;0;0;0;0|0;0;0;0;0;1;0;0;0;0;0;0|0;0;0;0;1;1;0;0;0;0;0;0|0;0;1;1;1;0;0;0;0;0;0;0|1;1;0;0;1;1;0;0;0;0;0;0|0;0;0;0;0;1;0;0;0;0;0;0|0;0;0;0;0;1;0;0;0;0;0;0|0;0;0;0;0;1;0;0;0;0;0;0|0;0;0;0;0;1;0;0;0;0;0;0@224,176;256,144;288,176|0,368;0,352;112,224;128,240|160,176;128,176;240,64;240,96|416,144;320,144;272,96;272,64;304,32;432,128|416,0;432,0;432,128;304,32;304,0;320,0|112,224;0,352;0,0;112,192|272,32;240,64;128,176;112,192;0,0;256,0;272,0|0,368;128,240;192,176;224,176;288,176;416,176;432,192;432,352;416,368@-;2,-448,0;4,-192,256;-
0,4:0;0;0;0;0;0;0;0|0;0;0;0;0;0;0;0|0;0;0;0;0;0;0;0|0;0;0;1;1;1;1;1|0;0;0;0;1;0;0;0|0;0;0;1;1;0;0;0|0;0;0;1;1;0;0;0|0;0;0;1;0;0;0;0@80,96;0,0;96,80|128,112;96,80;224,0;160,80|240,64;224,80;160,80;224,0;240,0|112,224;112,160;128,144;192,144;128,240|192,144;224,112;240,128;240,224;224,240;128,240|224,0;96,80;0,0|0,224;0,0;80,96;80,224;64,240;0,240@3,192,-256;0,-256,256;-;-
0,5:0;0;1;0;0;0;0;0|0;0;1;0;0;0;0;0|0;0;1;1;0;0;0;0|0;0;0;1;1;1;1;1|0;0;0;1;1;0;0;0|0;0;0;1;0;0;0;0|0;0;0;1;0;0;0;0|0;0;1;1;1;0;0;0|0;0;1;1;1;0;0;0|0;0;1;1;1;0;0;0|0;0;1;0;0;0;0;0|0;0;1;0;0;0;0;0|0;0;1;0;0;0;0;0|0;0;1;0;0;0;0;0|0;0;1;0;0;0;0;0|0;0;1;0;0;0;0;0@224,48;192,80;96,80;64,48|304,128;304,96;320,80;480,80|192,112;224,144;128,240;112,224;112,160;160,112|0,224;0,96;0,80;32,80;80,128;80,224;64,240;0,240|288,144;304,128;480,80;496,96;496,224;480,240|480,240;128,240;224,144;288,144|496,32;480,48;224,48;64,48;0,48;0,32;0,0;480,0;496,0@0,0,-256;7,-512,0;-;6,256,0
0,6:0;0;0;0;0;0;0;0|0;0;1;0;0;0;0;0|0;0;1;1;1;0;0;0|0;0;1;1;1;0;0;0|0;0;1;1;1;0;0;0|0;0;1;0;0;0;0;0|0;0;1;0;0;0;0;0|0;0;1;1;0;0;0;0@16,64;0,0;32,48|64,144;0,240;0,224;48,128|16,64;0,224;0,0|192,80;240,128;144,128;144,96;160,80|0,224;16,64;48,96;48,128|224,240;128,144;144,128;240,128;240,224|240,32;224,48;32,48;0,0;224,0;240,0|224,240;0,240;64,144;128,144@-;5,-256,0;-;-
0,7:0;0;1;0;0;0;0;0|0;0;1;0;0;0;0;0|0;0;1;1;1;0;0;0|0;0;1;1;1;1;0;0|0;0;0;1;1;1;0;0|0;0;0;0;0;1;1;0|0;0;0;0;0;0;0;0|0;0;0;0;0;0;0;0@160,208;176,192;240,224;224,240|0,240;160,208;224,240|0,240;96,176;128,176;160,208|0,240;0,224;48,128;96,176|48,128;0,224;0,96;0,80;32,80;48,96|224,0;240,0;144,96;96,48|144,96;240,0;176,160;144,128|0,32;0,0;224,0;96,48;0,48|176,160;240,0;240,224;176,192@-;-;-;5,512,0
0,8:0;0;0;0;0;0;0;0|0;0;0;0;0;0;0;0|0;0;1;1;0;0;0;0|0;0;0;1;1;0;0;0|0;0;0;0;1;1;0;0|0;0;0;0;0;0;0;0|0;0;0;0;0;0;0;0|0;0;0;0;0;0;0;0@48,64;0,0;64,48|224,240;128,176;144,160;240,224|64,48;0,0;224,0|0,224;0,0;48,64;48,96|0,240;128,176;224,240|0,240;0,224;48,96;128,176|240,0;144,128;64,48;224,0|240,224;144,160;144,128;240,0@-;-;1,0,256;-
1,0:0;0;0;1;1;0;0;0|0;0;0;1;1;0;0;0|0;0;0;1;1;0;0;0|0;0;0;1;1;0;0;0|0;0;0;1;1;0;0;0|0;0;0;1;1;0;0;0|0;0;0;1;1;0;0;0|0;0;0;0;0;0;0;0@240,0;208,96;192,80;224,0|224,240;192,144;208,128;240,224|208,128;208,96;240,0;240,224|0,64;0,0;224,0;192,80;0,80|224,240;0,240;0,224;0,160;0,144;192,144@-;1,-256,-128;-;-
1,1:1;1;1;0|1;0;1;0|0;0;1;1|0;0;1;0|0;0;1;0|0;0;1;0|0;0;1;0|0;0;1;0|0;0;1;0|0;0;1;0|0;0;1;1@48,96;32,112;0,112;0,80;32,80|288,112;96,112;80,96;96,80;288,80;304,96|336,32;320,48;32,48;16,32;48,0;64,0;320,0;336,0@-;-;-;0,256,128